Town01:
-2.059906005859375
396.3791809082031
-2.0499608516693115
330.6099853515625

Town02:
-7.459729194641113
193.74075317382812
105.3907470703125
306.55999755859375

Town03:
-149.0638427734375
248.99356079101562
-209.27125549316406
207.6337432861328

Town04:
-515.26904296875
414.145751953125
-396.1461181640625
436.00714111328125

Town05:
-276.0445251464844
211.0635528564453
-207.87509155273438
209.06625366210938

Town10HD:
-114.59522247314453
109.97942352294922
-68.72904205322266
141.21044921875